4.026712548111720524e-01
-1.359024592445439161e+00
-9.359708018565199295e-01
-4.752215655812269124e-01
-1.278846117142618810e-01
3.003850930527307561e-01
4.098453890237453434e-01
-7.897766800964618472e-01
-2.446896851846692922e+00
-2.432634701972716529e-01
1.010195276341780274e-01
-1.652381766620547809e+00
-1.209222157812057663e+00
-6.338482999538719298e-01
-3.522294281175762376e-01
1.557875740254232311e-01
3.857306771838071857e-02
-7.694534517485618341e-01
-1.494450102140170378e+00
-3.101498152768042971e-01
8.016673869015669696e-02
-1.436562798330442758e+00
-1.233448126768382558e+00
-6.948582933380315074e-01
-3.922047870575902651e-01
1.772140458630273863e-01
-9.194068612710357136e-02
-7.671401790596833470e-01
-1.744362117647676458e+00
-3.983160340513233755e-01
1.795433474076274516e-01
-1.580922815928871294e+00
-1.226389599287705412e+00
-6.968096007680348869e-01
-6.218002104791368057e-01
-8.353723522784370359e-02
-7.226108576812642625e-02
-6.914389708193207085e-01
-1.989008135510895059e+00
-2.881513350035045384e-01
-7.045586345600698408e-01
-2.411864663590065128e+00
-2.067700403155794397e+00
-1.215173509090095694e+00
-9.221277568687370474e-01
-5.493808087449588706e-01
-1.276462999954923960e+00
-1.322146914156894892e+00
-2.075391805155438085e+00
-7.542140523012681452e-01
-1.449289329065404974e+00
-2.859408305619631996e+00
-2.519720946516271542e+00
-2.155349206125913408e+00
-2.640850864722460223e+00
-1.513731650003914408e+00
-1.492434222520419906e+00
-1.981327418098423720e+00
-2.483002420839129698e+00
-1.146529338511927509e+00
-1.852095508338681640e+00
-2.952756050384084840e+00
-2.581409264442304785e+00
-2.463488317890693668e+00
-2.394090197351974147e+00
-1.916385852369484555e+00
-2.413595664158465492e+00
-2.556098315118535247e+00
-3.019504566806438639e+00
-2.218200606858888424e+00
-1.651672892993042652e+00
-2.749830715087173250e+00
-2.203217697732592129e+00
-2.787249881961463505e+00
-1.963945977422503653e+00
-1.469633880748870913e+00
-2.246973475696459666e+00
-2.522129868155547072e+00
-2.618598678628941023e+00
-1.510056876202831244e+00
-1.461254097056579049e+00
-2.178963148541101180e+00
-2.136385737873597090e+00
-2.290820477624845530e+00
-1.755052395340669591e+00
-1.723887562694734754e+00
-1.643485566708685175e+00
-2.133870517859259852e+00
-2.046331901725069624e+00
-1.780808422140264691e+00
-9.426685412263717811e-01
-2.351471064112986120e+00
-1.814803310942607384e+00
-1.486452785761473105e+00
-1.830653407834703428e+00
-6.552218696670746301e-01
-8.316585847520523433e-01
-2.614625926253568267e+00
-2.077999866113190652e+00
-8.953151857584151774e-01
-1.864808700080879067e+00
-2.026383138554078478e+00
-1.875093817652016659e+00
-9.964781750603218802e-01
-6.193665027117626343e-01
-2.508198636123432079e-01
-3.705000381029324164e-01
-1.114696533546066570e+00
-1.672575947310340094e+00
-1.893641514385577818e+00
2.236351220731854217e-01
-1.319136901044865695e+00
-1.225594214072462718e+00
-3.881897458402370216e-01
-2.646522841160867112e-01
1.355769010336888292e-01
2.417532155700825303e-01
-5.819328856760308533e-01
-1.361830949344243757e+00
-3.527281715854907462e-01
-3.264680221872327814e-02
-1.473203212590876499e+00
-1.407947488644590184e+00
-5.927140601686748944e-01
-1.048693129037070459e-01
-4.398695327126111998e-03
2.701876109798010961e-01
-5.156457290009304195e-01
-1.312516410437279735e+00
-2.686199178436002311e-01
-3.559485738652143350e-01
-2.093881948698526951e+00
-2.110427944522120125e+00
-9.324711614858026687e-01
-6.638018359965121018e-01
-3.402003414801553771e-01
-3.885797497182925109e-01
-1.352185688589718993e+00
-1.609945245898597666e+00
-8.365203483884113833e-01
-6.239254742466775472e-01
-2.072000835115944462e+00
-2.199915858595739682e+00
-1.512730742672192541e+00
-7.600233818758785898e-01
-6.014722868384626553e-01
-7.150896431617734805e-01
-1.232258512644002213e+00
-2.325480597380208181e+00
-8.684371803110587651e-01
-5.314619154933403200e-01
-2.098384982817937505e+00
-1.704059104849917183e+00
-2.250731249834114323e+00
-1.194288958381924948e+00
-6.932921158715661392e-01
-4.851250371899850644e-01
-1.403410657115747640e+00
-1.774773912519121088e+00
-1.001759560426267015e+00
-3.163965018534699025e-01
-1.823084425183557400e+00
-1.293405272225886637e+00
-9.859063699388559421e-01
-3.866307847073660597e-01
-3.239806020369601081e-01
-1.374184335341142038e-01
-9.866341951533424970e-01
-1.561583573473267261e+00
-2.137673628494502154e+00
-4.827100950449248473e-01
-2.136994706352557394e+00
-1.649043497128245939e+00
-1.073660907570842316e+00
-8.100052805796912336e-01
-4.990982642887744625e-01
-4.012176903736988098e-01
-1.747225990234317239e+00
-1.728492343145002774e+00
-1.745404165590251688e+00
-8.418107206884986038e-01
-2.516265918595793405e+00
-2.196223220343137328e+00
-1.904557130131466547e+00
-1.610447307844082410e+00
-2.253561502347192214e+00
-8.010516003363360449e-01
-2.225839652413717396e+00
-2.270477413062299110e+00
-1.149440187325865059e+00
-9.550995680666929388e-01
-2.242357616724519165e+00
-2.062446885766630267e+00
-1.665251367748888045e+00
-1.992504995191307637e+00
-9.989937643048830695e-01
-8.099143038490628221e-01
-1.815991389973778070e+00
-2.273234592016248445e+00
-1.062404596870602402e+00
-5.935569802794591343e-01
-2.198158614083250750e+00
-2.054406877693213840e+00
-1.485930562403992461e+00
-1.015724481625957409e+00
-6.512872428469236308e-01
-5.630154493098961099e-01
-1.337295341604092025e+00
-2.985626735722813230e+00
-1.359231130173801150e+00
-5.986618564501476891e-01
-2.674745210295476738e+00
-2.242297913508138674e+00
-1.793851643349932745e+00
-1.347452026539937453e+00
-1.845545305757328558e+00
-6.416305379525490959e-01
-1.614277808048127927e+00
-2.847981118314315996e+00
-1.155567395865098934e+00
-6.336900940746588162e-01
-2.303405531542880524e+00
-1.981745309174802960e+00
-1.637213311554786443e+00
-1.111791664123691570e+00
-6.362063820112858759e-01
-5.108887370664577654e-01
-1.597510708648268718e+00
-2.219082601358473017e+00
-8.936689261361273617e-01
-8.154372948144154032e-01
-3.318513083436050781e+00
-2.166534522243484417e+00
-1.650215048056631106e+00
-2.483803858854728652e+00
-9.363042055876906744e-01
-8.322724347954911783e-01
-1.924945513621385551e+00
-2.810794424296280791e+00
-1.209155621054946339e+00
-6.009181478958228739e-01
-2.220383290258662878e+00
-1.719186120003725504e+00
-1.254197975228204420e+00
-1.040731404133194982e+00
-5.760146773926904107e-01
-4.169831977960911651e-01
-1.248296268036999779e+00
-2.176128255266777778e+00
-1.553290521540555913e+00
-1.014855466615243840e+00
-2.204832211050568702e+00
-1.849102741533837468e+00
-1.616527728455861901e+00
-1.951020245594618840e+00
-1.112101832642189869e+00
-7.663823906070295067e-01
-1.852409661440013400e+00
-2.418434729469109090e+00
-1.352330523599619694e+00
-1.349569951873754725e+00
-2.858447122393498852e+00
-2.735425139483321555e+00
-2.168051113420310205e+00
-1.434494114265409959e+00
-1.408310277687268020e+00
-2.689455848799903848e+00
-2.317317276195860032e+00
-2.747125353254603386e+00
-2.538558474510632657e+00
-8.899242993808393898e-01
-2.923486441131629032e+00
-2.711790888859884063e+00
-2.287195084713351534e+00
-2.340285711453737427e+00
-1.275209792217847582e+00
-9.518841312383242714e-01
-2.044700722018483852e+00
-2.250636036163556675e+00
-1.433847145464180128e+00
-2.261210927361580580e+00
-1.946857863997248916e+00
-2.263181586382135180e+00
-2.447121906864118568e+00
-3.072106806704614446e+00
-2.449443631984437708e+00
-2.456718993304504384e+00
-2.277337196443912859e+00
-2.631755960075892631e+00
-2.226353843083551443e+00
-2.417978231623742147e+00
-2.830503988904556678e+00
-2.412269152131291783e+00
-2.346339752733193951e+00
-2.535561606947680513e+00
-2.286262386455292006e+00
-2.029391488373735175e+00
-2.001931247467648944e+00
-1.920134039690088112e+00
-1.727341119219424348e+00
-1.989989857963732289e+00
-1.847768500839555017e+00
-3.171350430024171274e+00
-2.642579316455374805e+00
-1.818714202989581974e+00
-2.159274228535321694e+00
-1.761773542019314576e+00
-2.914009734751160430e+00
-1.839328323745268223e+00
-1.414483791763819109e+00
-1.420157325712426255e+00
-1.687683207043928935e+00
-1.652508682938504947e+00
-1.684410345836782286e+00
-1.639565298114931791e+00
-1.602913642336091904e+00
-1.407108073186757347e+00
-1.173347252165398924e+00
-2.662127760029463275e+00
-1.446865863601968893e+00
-2.338952493551019973e+00
-1.986049698203970815e+00
-2.245853409337394524e+00
-2.145269112785252119e+00
-2.134440605723871176e+00
-2.509354335773041456e+00
-2.040979858725396223e+00
-2.308684041240657958e+00
-2.293037055173134053e+00
-1.743921600414424455e+00
-1.843666039535313050e+00
-2.057907465371848321e+00
-1.991284615594084650e+00
-2.139848792511697795e+00
-2.436131086730495721e+00
-3.008081536565800906e+00
-2.717967496810599570e+00
-1.324386896217712328e+00
-1.729879606193068797e+00
-2.095242342149263859e+00
-2.608718882286397811e+00
-2.316161458558233743e+00
-2.540027416526537074e+00
-2.422399376410631078e+00
-2.380142417629861562e+00
-3.031735518074127445e+00
-2.291500749147641791e+00
-2.668514808853515774e+00
-2.759352310717452017e+00
-2.281584652602756780e+00
-2.451033649455786723e+00
-2.096046333702792364e+00
-2.500837002205274828e+00
-2.235847705332818514e+00
-2.863711851731519875e+00
-2.141102939872273847e+00
-2.391971765467272970e+00
-2.040797929583123338e+00
-2.066334346884267426e+00
-2.312549471764310027e+00
-2.359872431190014552e+00
-2.513460122097903149e+00
-2.707597666388559698e+00
-2.733341408070174783e+00
-2.707734853846086587e+00
-2.628540181786851448e+00
-2.476248456312560631e+00
-2.782697860673106316e+00
-2.409812819031875719e+00
-2.178691157094269748e+00
-2.246570023517716841e+00
-2.309962626821969067e+00
-2.017740396564829730e+00
-2.402305541039956971e+00
-2.013718114013936411e+00
-2.250861930206296435e+00
-2.776693293938472085e+00
-2.165025892186199563e+00
-2.439234747127043246e+00
-1.886122931871938802e+00
-2.142757677480727097e+00
-2.119064482010020178e+00
-2.004227849924948845e+00
-2.073059508528184658e+00
-2.061961154480763003e+00
-2.484864610200430146e+00
-2.433618155728508370e+00
-2.628073427149303143e+00
-2.279863234085846457e+00
-2.039925657678247628e+00
-2.098776555230827956e+00
-2.215158405956452192e+00
-2.184991221554084984e+00
-2.181085708555234426e+00
-2.122141814193828857e+00
-2.315872201345512860e+00
-2.096557428679902024e+00
-1.737419664279851172e+00
-1.949696669986341835e+00
-1.595476907464418614e+00
-2.170137917371219860e+00
-2.094632073794394422e+00
-2.467254259844560149e+00
-3.388928552371717196e+00
-2.468659460718537701e+00
-2.640027214079614382e+00
-2.174015757742665755e+00
-2.683426898329261068e+00
-2.635924947340727797e+00
-2.218123856479455647e+00
-1.985394484331157727e+00
-2.335373331263995045e+00
-2.562944650452403383e+00
-2.235963472246881079e+00
-2.214543019086195663e+00
-2.325056269179053281e+00
-2.104018280485774106e+00
-2.600446758453175633e+00
-2.102094998798292647e+00
-1.877896753516712591e+00
-2.513524090443829184e+00
-2.963683314408988245e+00
-3.214741451926338645e+00
-2.482544570788988381e+00
-2.591028646799485191e+00
-2.652408582241017942e+00
-3.020856432643117540e+00
-2.508361740555661079e+00
-2.706729410597034313e+00
-1.926169419943233319e+00
-1.990286243184581361e+00
-2.407640367097456657e+00
-2.301691705458341453e+00
-1.886975859888367912e+00
-2.183731398654483513e+00
-2.854976533268311911e+00
-2.358161547785902368e+00
-2.005218792068137468e+00
-2.088033762108141289e+00
-1.826075777915402210e+00
-2.380484490692341915e+00
-1.775805553421630822e+00
-2.031680526527230857e+00
-1.798226607925144549e+00
-1.842379968881082908e+00
-2.983609528074492534e+00
-1.851273536673405218e+00
-2.217470223567633791e+00
-1.762329376678460235e+00
-1.450778808035217304e+00
-1.384675172067477478e+00
-1.512659194580765698e+00
-1.545721627799243825e+00
-1.660468331174907775e+00
-1.716351423767727535e+00
-1.613409099344735642e+00
-1.549811265419392736e+00
-1.177533393770868964e+00
-1.402684500503972309e+00
-1.393524854521903888e+00
-2.322839350296141525e+00
-2.544741634651203288e+00
-2.450062647391770376e+00
-2.217673300491191490e+00
-2.682068907233051025e+00
-2.321016588432785799e+00
-2.489833116609954988e+00
-2.688805920614623091e+00
-2.235887977099243695e+00
-1.903438455028521714e+00
-2.097465135215608623e+00
-2.379574744469629355e+00
-2.508928657302449849e+00
-2.343503061950365396e+00
-2.449493985883156810e+00
-2.693269598870589032e+00
-2.003203504383378242e+00
-2.167928729631437346e+00
-2.039957922272810809e+00
-2.009170606012899984e+00
