6.285283218362446078e+00
3.685427543880002599e+00
5.027224957975921171e+00
3.398717530648052598e+00
2.618137158296023337e+00
6.008082143494658744e+00
5.857314868623051396e+00
3.657979065793483198e+00
8.022238382879853802e+00
5.498236207687837052e+00
6.410508206776765583e+00
4.293780826219985691e+00
5.439995464640723810e+00
3.684220964029530254e+00
2.738105446301025037e+00
6.138095018094733568e+00
6.116035654178464398e+00
2.313692586057883194e+00
7.495027647874363375e+00
5.542231057909718039e+00
7.004288784946441915e+00
3.532561048830102912e+00
5.915263258738350238e+00
3.900186400628744998e+00
2.751740391961222443e+00
6.056435656103390741e+00
5.924457102278004150e+00
2.039477909715696757e+00
7.644804210693007640e+00
5.832795732926654431e+00
6.238112820949724302e+00
2.877357377863749566e+00
5.466067597191084815e+00
3.416487149674678037e+00
4.082395458455225778e+00
6.120555509134430139e+00
6.278658603058497434e+00
1.977148142409652420e+00
8.155610448875128426e+00
4.769717128286520946e+00
6.475586800531637266e+00
2.353981172838781166e+00
4.374709018469183697e+00
2.370082588618688035e+00
5.997046686762820933e+00
5.409061567168669704e+00
7.777444569456537060e+00
2.155769135746172793e+00
5.106771261393333816e+00
2.491404389456727042e+00
4.945242205274061220e+00
1.292898986985203669e+00
2.983435638651030786e+00
2.895056030373913458e+00
8.277072966045066593e+00
4.150517518082406099e+00
6.415509955943173637e+00
4.300902466759270126e+00
1.084144745855002867e+00
-2.547963403594175613e-01
3.720328275511257665e+00
1.886497152479700290e+00
3.073514703775132695e+00
2.331747744152633306e+00
7.794280744859674037e+00
3.791848201082961278e+00
5.765656776373544901e+00
4.499623161777352998e+00
1.048197563202087235e+00
8.378639188094981760e-01
4.697397883946157648e+00
-2.488561063073050916e-01
-6.924287486348904563e-01
5.691409783016507795e+00
7.387287953747612157e+00
4.560601599410940565e-01
8.540549694933647018e+00
6.468575178515953539e+00
-1.136268555254473345e+00
-5.580038506347648752e-01
6.279046121969281913e+00
-7.879491013084154449e-01
-1.275303556666280702e+00
8.400617336174656558e+00
6.434714839232707817e+00
7.141596315930184291e-01
6.266750868218885273e+00
5.727082739031578384e+00
-1.593219945313427033e+00
1.835283046139098095e+00
5.899608596557765594e+00
2.577152736171117287e+00
1.022439402892545202e+00
5.663403425817938874e+00
7.270474402161798189e+00
3.512937077559588950e+00
5.655013624756435320e+00
6.204169116188841038e+00
2.456911177458888318e+00
3.679324704504840504e+00
8.175940395722246734e+00
4.805049285348450105e+00
4.837687209821064371e+00
4.609620521487936884e+00
4.947993460442698499e+00
3.185316379581586421e+00
4.949653724781195585e+00
4.946517231447290719e+00
2.852712587098687358e+00
6.271773602007145954e+00
4.692089092588516586e+00
5.260408015271241133e+00
6.062134662047254707e+00
4.782854596036792749e+00
4.900309689706169536e+00
5.017888918986185942e+00
3.994829952192432643e+00
4.306306746761984883e+00
5.028377398451568503e+00
5.039294596450157648e+00
4.117048189215664067e+00
6.146499100186572306e+00
6.897508256398289461e+00
4.856944437145445548e+00
3.812316629666309353e+00
4.043924297164013026e+00
2.260474184501201300e+00
4.274372177427124164e+00
5.252110509838349373e+00
3.799936198198904158e+00
2.067075692042831536e-01
6.605361050383119270e+00
7.684640830600717898e+00
2.663322418689021198e+00
2.831418561935003630e+00
2.584892284633680148e+00
6.428192737642884902e-01
6.109023602514670692e+00
4.472378232046160917e+00
3.246940288223371329e+00
6.052784521362708503e-02
6.987197138110391670e+00
8.021610119146254547e+00
3.610895572447443858e+00
9.452085991029119949e-01
5.391609817316659337e-01
3.468524190330428691e-01
5.527594960790913170e+00
4.083537568061492706e+00
1.519388362008048388e+00
-5.274149523918588572e-02
6.366162904300694869e+00
6.435855545988572679e+00
5.566183107088375159e+00
2.124890104834720628e+00
1.982901115607638376e+00
-2.119481741376466055e-01
4.374990662730890989e+00
4.276391986723953487e+00
4.295697144669130552e+00
1.862342458477903140e+00
6.113418865689837389e+00
5.174330005441547087e+00
4.953354876853789612e+00
1.278924063300046488e+00
2.029805980817988242e+00
8.456309203509566608e-01
4.845953719252426239e+00
4.012330127277586200e+00
7.774055223926673364e+00
1.550724606497943192e+00
5.218648883474759970e+00
4.700662409670541386e+00
5.083700637650393261e+00
1.412388075040388546e+00
2.375138334452620459e+00
1.040107219148243889e+00
6.144162581541033674e+00
4.024262526271811247e+00
7.738959484210258033e+00
-2.451071374611395182e-01
5.562512567269355834e+00
6.080706632075171925e+00
4.815075960259301624e+00
2.620624579794415432e+00
3.902982140002073219e+00
-4.429397253998686446e-01
6.678736380012846752e+00
2.546309123406801600e+00
1.445221254087906360e+00
7.595023721563629038e-02
5.529306023242152257e+00
5.402986466863088921e+00
4.064518419978593755e+00
4.319997440319142790e+00
7.784496714403010831e-01
-3.066324250663913231e-01
7.500052245493313841e+00
1.965894875453888968e+00
-2.447659831557829346e-01
-3.754453343864815329e-01
5.898285493295428061e+00
3.776513017643179371e+00
5.589590593185275402e+00
3.461437997582566872e+00
3.479205216071927786e-01
-2.217761219665272121e-01
6.997282456318454358e+00
2.742457156045805089e+00
2.726363979265317816e+00
-1.224104456277575581e+00
7.038879572026341513e+00
4.118742591080879478e+00
5.654104150163742126e+00
1.668405803805114829e+00
2.485767945510212851e+00
-8.284711874762814565e-01
6.784629716921078746e+00
2.554403116451762212e+00
1.164415687200974325e+00
-1.030980456238575371e+00
6.811128262789440058e+00
4.994580631593914966e+00
6.171225441127201172e+00
1.307468226629854513e+00
-2.148850789828539998e-01
-1.009931576577280499e+00
6.863857012907391031e+00
2.350881951706741635e+00
6.472986533192910397e-01
-7.961327813007890164e-01
6.606134478847869751e+00
4.052505451905056510e+00
4.939326552380910229e+00
3.492693138354022508e+00
6.691721460910037278e-01
-8.522953319065224020e-01
7.356865098176347040e+00
2.891355652943439214e+00
1.844862330398422401e+00
9.800330280907186831e-01
5.777341614545042248e+00
3.188016084500530756e+00
5.764773351245450428e+00
3.683342002937590287e+00
1.224150196342271846e+00
6.661789804646252033e-01
5.573034600917993409e+00
3.194774996078750373e+00
5.647500477923962592e+00
2.101423527960471382e+00
4.626837950119041309e+00
3.166813789337586282e+00
5.571203574137094883e+00
2.979252285877920237e+00
2.290433445141456303e+00
6.337343852827849178e-01
5.820406965402725952e+00
3.585553859426545475e+00
5.518231836159529280e+00
4.044164306522870511e-01
4.284343847731131305e+00
4.181797154105542980e+00
5.479203487953646423e+00
1.254223986242367861e+00
1.479244084114053281e+00
2.690023108278147390e+00
6.103924098406880994e+00
2.124761611641670545e+00
5.715307691226410469e+00
-2.951753533430271359e-01
4.322926961259502932e+00
5.272097295353457724e+00
5.765243391766736281e+00
3.835406883667847211e+00
1.727786893747021990e+00
-2.231378494526294332e-01
5.073724661555394810e+00
1.151197578924799236e+00
3.270173352732670846e+00
-2.678717069959577479e+00
-1.224113512543867133e+00
1.251066522117598945e+00
1.584404081027697808e+00
1.454139366374925801e+00
9.565718517113203090e-01
2.357268403871628060e+00
2.975573492962292121e+00
3.994298845002024922e+00
5.222137680208340349e+00
6.206362253605888668e+00
5.549710921251440610e+00
3.732916940858070909e+00
1.931183210111831805e+00
1.588742918081050171e+00
2.313376191623162104e+00
2.450549713825896259e+00
2.783854861996140517e+00
-1.502265183511152791e-01
-1.642253746260417202e+00
8.453958429409494713e+00
6.501915985477790372e+00
5.584644749208966807e+00
6.733212913922795195e+00
5.897954835383127481e+00
6.969372900645378621e+00
6.439208408989898658e+00
6.232559643184372611e+00
3.479938360374378981e+00
2.388438422794254112e+00
1.392946254193817346e+00
2.730843457791786388e+00
4.618765427772865806e+00
5.839373670377701941e+00
6.497741150546630706e+00
6.477536052940281230e+00
5.258345593567868015e+00
5.356302397487572087e+00
8.483450625330146266e+00
8.289526330182553693e+00
2.862118527313812777e+00
3.153110953128298810e+00
4.524333000293106366e+00
5.685522038832702130e+00
6.633907339942143544e+00
7.583171373376847768e+00
7.144133083879014023e+00
4.932961887016891644e+00
3.413935924828044310e+00
1.983513226087077586e+00
1.954346370032986169e+00
2.544666432618487129e+00
5.130575552312787835e+00
6.708796581307685969e+00
8.767363617499507100e+00
8.813940322857234833e+00
8.737868184711313546e+00
5.878770153129014631e+00
3.704633787480185347e+00
6.134674691554627302e+00
4.963421142106926531e+00
5.826664861481162028e+00
4.538493189647807569e+00
2.559907659021698478e+00
2.182160180696022689e+00
8.729257842462507799e-01
1.787510806007062580e+00
3.183903894931080725e+00
4.902792770043432391e+00
5.156928850016861077e+00
5.289135887342724551e+00
4.268040117849426274e+00
2.938296673301419304e+00
2.999867510813040816e+00
1.955112369705296782e+00
1.856609664873533738e+00
2.346580674031201408e+00
4.349421884913837744e+00
6.795433787834674000e+00
6.183802004275369413e+00
-7.147007208081496143e-01
4.172098195700408851e+00
5.261436449835127149e+00
3.866800764224303411e+00
2.884127409771731543e+00
1.886045866246230940e+00
3.620646525907303959e-01
2.629056713264402712e-01
1.605620272854697328e+00
4.573335972188849574e+00
6.304016648716173954e+00
3.609418301630819226e+00
6.735779294816699458e-01
2.797097478822475614e-01
5.027821095748009894e-02
1.465395185355781171e+00
3.682408302603019212e+00
5.939276923435905964e+00
5.951374969989563724e+00
5.668847243289169002e-01
-1.992223512348483272e+00
-5.414213066291695409e-01
4.257896860901683178e-01
1.554899719531857016e+00
2.112969441230197365e+00
2.590785937547829931e+00
2.931740723993484732e+00
2.293982545827576658e+00
2.737643415230022192e+00
3.056580177928027275e+00
3.289163188455960452e+00
2.943834293662912494e+00
3.156638395508957196e+00
2.768209986162708081e+00
3.429557981668663658e+00
3.415442432873101897e+00
3.394156663936959806e+00
2.759682979709419559e+00
2.548124882899360788e-01
-6.408500895642676998e-01
-2.501901148182970491e+00
-8.646254581679341245e-01
3.031649286961167977e+00
3.452610528945476709e+00
2.214989734657797804e+00
1.522426695997468160e+00
1.368475503774490676e+00
2.282780349063825653e+00
3.745588218966013905e+00
5.560429915244956334e+00
6.255661820141873442e+00
4.757313531756205194e+00
1.995465688103144286e+00
1.061444783556130256e+00
7.146063388751917600e-01
2.080311749820412892e+00
2.850603104148313527e+00
3.337480246899829694e+00
3.016177745136469288e-02
-1.518688463429421098e+00
7.169950989597461799e+00
7.695296304092188677e+00
6.278953868481754519e+00
4.422063585378075423e+00
3.876426841243900689e+00
2.028101951873280129e+00
1.886894784656842905e+00
1.257891089942378082e+00
2.770049245310509001e+00
3.232189892316940316e+00
3.561497156772008843e+00
3.010629086699177392e+00
1.802000113003471959e+00
9.234521758082386844e-01
8.867720782086030429e-01
2.493681490600353268e+00
3.532046344974827168e+00
5.347857217679975683e+00
7.638649675148307949e+00
7.827261254814669833e+00
2.670429716302355150e+00
2.199970786635774278e+00
2.671966532165750419e+00
4.986826678724951556e+00
7.089771323527600977e+00
9.147154248093789519e+00
8.051695174537663036e+00
8.640496171682993776e+00
6.994923949044800082e+00
5.060312436829227600e+00
3.819024670644826980e+00
5.579502870778399348e+00
7.452546550393457814e+00
8.140150789237010187e+00
7.946199263986446937e+00
7.774859100659900157e+00
7.295474445799747798e+00
4.244269851418586370e+00
1.360922224577800765e+00
1.918784500275739546e+00
9.334011520743480672e-02
9.424033394642151729e-01
4.515574899865004155e-01
4.051211222524011002e-01
9.881557219085422838e-01
8.167588244137411468e-01
2.723376818828175949e+00
3.343087123318478238e+00
3.437284190740396816e+00
3.220079512350726425e+00
3.279378685808389093e+00
4.870783587785806112e+00
6.231266132455151485e+00
6.251729809238373292e+00
5.366248100870961046e+00
2.829351834568740731e+00
2.076411891988410918e+00
2.660998989128089853e+00
2.089694999907843798e+00
2.038012933935838156e+00
